300	0.504046290068887
300	0.0921655816404341
300	0.981273627947041
300	0.230741874918352
300	0.921708208955156
300	0.415417209360309
300	1.22772585437502
300	0.44525723663283
300	0.733988350806676
300	0.880522359815825
300	0.349377266051213
300	0.239724871173444
300	0.234617880119803
300	0.127911189153565
300	0.565067541672863
300	0.42528669433367
300	0.247655699385411
300	0.708574626371057
300	0.660686995066256
300	0.594058863035031
300	0.203534553018814
300	0.0861583657653005
300	1.41940776672366
300	0.22643904368553
300	0.0866732693416055
300	0.255275762566204
300	0.361852654656279
300	0.0510021392380015
300	0.27641736553533
300	0.336108739654565
300	0.221127324460811
300	0.597222414014786
300	0.76947637359486
300	0.310297816905286
300	0.387704066295302
300	0.290066782320433
300	0.796836213941207
300	0.342874357318827
300	0.522815705686587
300	0.767421256751818
300	0.581216793950782
300	0.0980784645050831
300	0.333226705076569
300	0.746244821337496
300	0.166151116127407
300	0.423048835732541
300	0.304220068011361
300	0.111208756983671
300	0.286581865081846
300	0.0576736963466104
300	0.271993026738418
300	0.230600326442748
300	0.452870996350433
300	0.604922810648827
300	0.178107104981276
300	0.361447131141774
300	0.0950855689349338
300	0.599509960007966
300	0.518415276571347
300	0.189331898628381
300	0.505606050417326
300	0.838590482199859
300	0.591669143669287
300	0.562149983112854
300	0.901139665509128
300	0.250662985416646
300	0.326649972166917
300	0.915597308465983
300	0.317893715551768
300	0.996986268321587
300	0.197327374212791
300	0.34744092467115
300	0.149682054681373
300	0.359414848719526
300	0.0635260256051088
300	0.438299334199203
300	0.16911073222121
300	0.299987964549583
300	0.54219996852272
300	0.208981780632225
300	0.656759872192967
300	0.0967488133683767
300	0.000603399860830633
300	0.0970040398422576
300	0.477500861052829
300	0.227071975029357
300	0.586288215136893
300	0.0455128591506465
300	0.0292698809362358
300	0.522379819289907
300	0.829951577832653
300	1.06528798331181
300	0.645933958911072
300	0.051562830416271
300	0.309596779331244
300	0.615578768008358
300	0.505814468181606
300	0.944320840650442
300	0.826481798429768
300	0.396503988842127
300	0.399198750956025
300	0.753233269159078
300	0.594829855529417
300	0.132296317681219
300	0.272887274746044
300	0.374994044794131
300	0.690293519291154
300	0.0775099633623444
300	0.129038670212284
300	1.17728553468679
300	0.250422317730618
300	0.23584966598647
300	0.51605991608587
300	0.0315461540946581
300	0.0375725060020529
300	0.452126076591865
300	0.836237786681801
300	0.656839840158258
300	0.0226130353744547
300	0.122818882443196
300	0.158690778634992
300	0.160223594918011
300	0.253615687327106
300	0.390785011000881
300	1.01252317230226
300	0.102394766761638
300	0.220081767070744
300	0.663873394202917
300	0.00708236670098539
300	0.484051305980522
300	0.525403665621408
300	0.831312676433582
300	0.259585824944418
300	0.210199889882235
300	0.386325650894341
300	0.526881756862525
300	0.415029666313584
300	1.12975877205282
300	0.561604075457115
300	0.657533500506637
300	0.126400101201391
300	0.876933826934803
300	0.426333182236358
300	0.0473356664205224
300	0.1705142589702
300	0.631739205824697
300	0.608577518805793
300	0.188968615454086
300	0.20157777188671
300	0.812328767163489
300	0.488862490500232
300	0.0175524118333943
300	0.533213725028705
300	0.640498222553123
300	0.673585797460265
300	0.0965611496983801
300	0.335141851063351
300	0.909738217025726
300	0.360796797841022
300	0.939968956211876
300	0.882271814513929
300	0.64651244854546
300	0.0884635122762824
300	0.225632631110996
300	0.563320210878911
300	0.00391086849457856
300	0.231345971024367
300	0.58803270976143
300	1.13959963569543
300	0.607606231430392
300	0.452786646916924
300	0.475600415134803
300	0.559446393199364
300	0.570113534477529
300	0.0581714987316876
300	1.1286878819128
300	0.0715974272981517
300	0.828807347031062
300	0.310220590744761
300	0.19322713535356
300	1.07404595924382
300	0.126415446261301
300	0.439253876642587
300	0.132203750426057
300	0.146048990550661
300	0.0469331925497937
300	0.747902348435962
300	0.554321719436374
300	0.43802667081458
300	0.992945729295625
300	0.326537276516734
300	0.304937778394098
300	0.182315565104413
300	0.635217049244539
300	0.590047763611297
300	0.325566640387785
300	0.0593730339891093
300	0.553329297256315
300	0.376014316193496
300	0.301543005239872
300	0.90156223058384
300	0.0658805003249959
300	0.460793031577757
300	0.3423677396724
300	0.0975584216862719
300	0.141763577278178
300	0.415572827644478
300	0.523595674737699
300	0.221401393357984
300	0.550255610506973
300	0.305251771805483
300	0.196247778517023
300	0.138121531974797
300	0.278216464618349
300	0.261473274961152
300	0.286796760877263
300	0.749688654819218
300	0.167442573862596
300	0.136759246404826
300	0.0591497024711943
300	0.305793560189618
300	0.122128215336964
300	0.613469948993785
300	0.413182886661063
300	0.136027153300551
300	0.629912777361768
300	0.15344823215433
300	0.400250212844131
300	0.29412002381409
300	0.21291137439387
300	0.724669059628106
300	0.323625272916489
300	0.337333398836174
300	0.478666272264443
300	0.0226013461807253
300	0.886577815151679
300	0.245062245917574
300	0.192186155095764
300	1.22979052466391
300	0.0107090259416238
300	0.0456893897458548
300	0.572950333519465
300	0.0536445798725076
300	0.190455155340111
300	0.134881959837635
300	0.0779973999597114
300	0.399583063023077
300	0.0534231988263641
300	0.402231535850138
300	0.14273339809307
300	1.17018759661985
300	0.689679992305822
300	0.775056563175669
300	0.703427602479623
300	0.211794433325286
300	0.205888950423169
300	0.473067655222409
300	0.369873356249722
300	0.211880012965426
300	0.604608495159893
300	0.0576364621327091
300	0.713119103309136
300	0.888089442459898
300	0.0492770453658931
300	0.409260725500162
300	0.322473807660103
300	0.60810874811142
300	0.287139466015933
300	0.666047536861063
300	0.749171896854304
300	0.502897085136989
300	1.08169648780465
300	0.107806111958785
300	0.271179828425728
300	0.537220250028449
300	0.0361501555651597
300	0.298834708306658
300	0.497044313910121
300	0.0718242574147935
300	1.0395826798423
300	1.06031754375756
300	0.573894844426492
300	0.547404095038487
300	0.168431798280491
300	0.0834137122423313
300	0.878737451685974
300	0.0470143341933892
300	0.126970334733272
300	0.269811661114943
300	1.22578349410787
300	0.107342186530631
300	0.262768143671485
300	0.235957741580598
300	0.710664909335581
300	0.00738467062227532
300	0.138110844303653
300	0.0920237229603244
300	0.187510690552115
300	0.573383990257371
300	0.539203707060555
300	0.0334071173639401
300	0.114944829814381
300	0.262161945307718
300	0.0657645129590687
300	0.615392449246051
300	0.469076641706098
300	0.12039937473665
300	0.214011126528834
300	0.416741332923925
300	0.836699966852304
300	0.852396685037252
300	0.352094560649072
300	0.349970971359192
300	0.424599383887453
300	0.296485817526507
300	0.605447696001953
300	0.222587134855961
300	0.908771514797778
300	0.0103683622230103
300	0.493846243403906
300	0.373565643097468
300	0.820928510766191
300	0.278588303238721
300	0.217112128713805
300	0.192281600485638
300	0.567214498646131
300	0.52898178773953
300	0.139955666372284
300	0.119973993180421
300	0.168539709583638
300	0.5731569731355
300	0.505274719147852
300	0.104197684402707
300	0.383453166838538
300	0.456028685845384
300	0.389262146552797
300	0.936335953939752
300	0.631370578669248
300	0.0720810093453025
300	0.591124662196765
300	0.254725340813879
300	0.00479897289096115
300	0.368258106225537
300	0.225885111399883
300	0.864379750637703
300	0.0136073183463351
300	0.895634493602884
300	0.237708906381774
300	0.334791872527367
300	0.200026467086064
300	0.0759886040967399
300	0.300028372668855
300	0.529107105087921
300	0.516372643516601
300	0.454576387646388
300	1.1485108981421
300	0.851807684451617
300	0.686202400426241
300	0.338857082116412
300	0.770452645478285
300	0.504213406546918
300	0.360232432449079
300	0.948979753426545
300	0.913967856571303
300	0.36719252858475
300	0.528134099540801
300	0.094554966167559
300	0.820962976380607
300	0.380943645327981
300	1.11413169337364
300	0.587440235016449
300	0.222192884135151
300	0.693427582597646
300	0.628473025757318
300	0.888074234315324
300	0.705010534654972
300	0.0211335627055025
300	0.41519934096378
300	1.15707625592043
300	0.63184844343094
300	0.734786568607179
300	1.02879961911767
300	0.52184604186332
300	0.571605370861875
300	0.10147784489428
300	0.155435217169507
300	0.524979580921297
300	0.507146184410684
300	0.36169548111375
300	0.00653565177338367
300	0.131353324897788
300	0.464272354477714
300	0.177788813725766
300	0.558412220157613
300	0.413224692709151
300	0.96901717928776
300	0.158307990921553
300	0.121464913123044
300	0.636998322431521
300	0.439593924876711
300	0.962781779999983
300	1.24360324456979
300	0.378193722523687
300	0.410465702466941
300	0.507379934790872
300	0.190693565482463
300	0.588081657837592
300	0.640333913820333
300	0.0370201340257383
300	0.483519652737496
300	0.126703143498879
300	1.04409312452637
300	1.27835996515617
300	0.497922087338335
300	0.0119486923276419
300	0.635017598036215
300	0.233342250688336
300	0.117681570802807
300	0.0919014386569158
300	0.494935196159332
300	0.361159119472002
300	0.576314266033717
300	0.86118398802816
300	0.525315427484889
300	0.26117171122463
300	0.447297934474024
300	0.327432717412764
300	0.332706006041495
300	0.218824625767552
300	0.0425916740481669
300	0.677929989947976
300	0.402675350548121
300	0.350163323899456
300	0.801926123442871
300	0.169328315290419
300	0.532935554970911
300	0.54307566291011
300	0.761658927506305
300	0.627351971553771
300	0.469676938501712
300	0.743814888624308
300	0.0732299009391608
300	0.192127898296376
300	0.264518383896564
300	1.03525359373146
300	0.0357927139100732
300	0.321649087175082
300	0.478328252811965
300	0.407756798413592
300	0.133258974219663
300	0.248744976847385
300	0.219097274823469
300	0.199038961247993
300	0.42738291689239
300	0.790279688929033
300	0.362561505319785
300	0.604657291969694
300	0.446366983854463
300	0.12728072128115
300	0.487854388447098
300	0.798987911113247
300	0.201675097048715
300	0.413369744273532
300	0.0879201833694523
300	0.38300104041581
300	1.08473806535412
300	0.447003710045489
300	0.302943056981683
300	0.136507184508412
300	0.781923400495822
300	0.549872363797566
300	0.254515574669827
300	0.329275846379765
300	0.316851744891848
300	0.486919194492942
300	0.567957453372945
300	0.132432345613595
300	0.682229477174519
300	0.801477590231237
300	0.514658064755542
300	0.64332717332812
300	0.30589737728565
300	0.359875243024842
300	0.438147919462217
300	0.659093842260856
300	0.391454567788955
300	0.609267061097262
300	0.772687063154703
300	1.26221288829472
300	0.56871469790873
300	0.0552430499204401
300	0.0184928947926213
300	0.810500599295269
300	0.113016435339953
300	0.518506333266437
300	0.601939039572622
300	0.452081706966497
300	0.64242023999298
300	0.229472104528864
300	0.270535610300315
300	0.526383508286537
300	0.0828072734858729
300	0.147877208584018
300	0.329533004028107
300	0.344622141382478
300	0.474528230970487
300	0.493503289914998
300	1.16633630219189
300	0.204183270132553
300	0.192206412748063
300	0.142562615162127
300	1.22320302103626
300	0.604976087317387
300	0.393122885807546
300	0.459957504470747
300	0.488625794695565
300	0.743556370855758
300	0.479827769012933
300	0.31353238977509
300	0.683637263806789
300	1.05141925486852
300	0.110957261599063
300	0.618563177661502
300	0.00444358768561937
300	0.514945760076421
300	0.555958315778289
300	0.367209275814967
300	0.738574803908023
300	0.408649933010524
300	0.82231471361169
300	0.829240953778407
300	0.20133074035524
300	0.0582962887459035
300	0.122914889065774
300	0.296752567213704
300	0.16664539311462
300	0.48342971341151
300	0.776611803073841
300	0.672556768319827
300	0.875443917082598
300	0.200944049274873
300	0.791302369610901
300	0.00590510171876019
300	0.486201535215002
300	0.246389005152251
300	0.745939958863432
300	0.749151483726349
300	0.453319798241304
300	0.153131348775857
300	0.297414417898669
300	0.139557891463976
300	0.202888577998147
300	0.00456528662570538
300	0.198577072865162
300	0.178376687376923
300	0.424458104144545
300	0.197289564816054
300	0.722956344703134
300	0.625207108434253
300	0.164435906526416
300	0.564585936158793
300	0.132938944685802
300	0.335536338864538
300	0.294439696477846
300	0.549280585101917
300	0.445747620414565
300	0.271345419116002
300	0.598589738595576
300	0.972865837584924
300	0.238634456448995
300	0.058573569857186
300	0.216026014630274
300	0.164459323325929
300	0.0591614974544964
300	0.00241175897334461
300	0.598000897507333
300	0.300383627888538
300	0.470507152835331
300	0.350427246501614
300	0.328758461945021
300	0.571396639163166
300	0.25215677132154
300	0.457280150957691
300	0.776542528412374
300	0.66806655679464
300	0.336697484472892
300	0.151968475453906
300	0.445632952880487
300	0.669637053287532
300	0.864909411467031
300	0.952999308019236
300	0.0389662681975915
300	0.119958399199343
300	1.10949995441426
300	0.3562691609426
300	0.874705392098146
300	0.363518194999234
300	1.01607765598484
300	0.404615573316454
300	0.318226267015752
300	0.263325113482488
300	0.323924802200814
300	0.596063321712794
300	0.22721333309238
300	0.462664453874922
300	0.56790479408342
300	0.425186690579694
300	0.566763568808797
300	0.258416933112566
300	0.301142862807522
300	0.263599106565468
300	0.10738973002366
300	0.697716194538036
300	0.0353004999310527
300	0.251344554753405
300	0.025559929992435
300	0.235715402582017
300	0.59453016887864
300	0.473288436066815
300	0.334703201947731
300	0.733557649327043
300	0.567659092179314
300	0.365448832481688
300	0.430561891803238
300	0.702989971935506
300	0.164384231752099
300	0.38119870574411
300	0.610033245960298
300	0.49733465233142
300	0.247004073092367
300	0.0113747105991477
300	0.315376643719898
300	0.446200826035014
300	0.714195177618705
300	0.821002936368183
300	1.10562299299237
300	1.0997704679328
300	0.211923122354225
300	0.585938764368718
300	0.772865451053989
300	0.336766103394017
300	0.538448619246066
300	0.150662793292997
300	0.467844231049475
300	0.370315645161956
300	0.62121691023122
300	0.509918680171391
300	0.383397669012244
300	0.141605300666809
300	0.382840515702663
300	0.633005824278426
300	0.333107285707906
300	0.40636485782603
300	1.10228275419182
300	0.0255490238708026
300	1.34336782777219
300	0.455550723980813
300	0.690665134838711
300	0.539413456539657
300	0.337922893337654
300	0.130617325471181
300	0.0941201805204504
300	0.125551913241151
300	0.523025364535375
300	0.0784610424778872
300	0.211306268221736
300	0.700279448070632
300	0.76183972732467
300	1.05689133495791
300	0.561421013988089
300	0.595154672092525
300	0.364452508846103
300	0.261299198671987
300	0.265459511025547
300	0.736263419857278
300	0.751697609345866
300	0.485137362662645
300	0.226738374502738
300	0.504563258785008
300	0.688323691955393
300	0.487643346093998
300	0.23991929522665
300	0.418855091579784
300	0.321221053146547
300	0.223654320395593
300	0.893670647303316
300	0.209674681125458
300	0.310546201885201
300	0.0765771796735702
300	0.414343910325747
300	0.0474627792133288
300	0.291711663733267
300	0.548328192008876
300	0.13079353217963
300	0.780445092399227
300	0.549746902766053
300	0.83530698253905
300	0.16390866671174
300	1.30579014477369
300	0.492434103919046
300	0.487297734935387
300	0.470762343847571
300	0.891780392307615
300	0.570504264407914
300	0.511599854793494
300	0.620259840266373
300	0.255868102676809
300	0.630673133279379
300	0.488609707156518
300	0.873703098405407
300	0.483659331366234
300	0.231398537973345
300	0.868106129434808
300	0.125410610147191
300	0.181114597443963
300	0.345868626473265
300	0.281544287143304
300	0.417105637560906
300	0.443246853045794
300	0.359525168419344
300	0.0851502219171033
300	0.875421941169365
300	1.34195395166826
300	0.0787962726631208
300	0.85219077426545
300	0.835013994280429
300	0.392570863967825
300	0.298054197981859
300	0.267013847714065
300	0.673255186587764
300	1.02116029936571
300	0.298480106955379
300	0.294360321010811
300	0.388008312173564
300	0.0759307236540323
300	0.219009280935946
300	0.623373200270112
300	0.412564312020666
300	0.157247034649433
300	0.337625425185165
300	0.0926076498213213
300	0.0561542105037854
300	0.484294423544808
300	0.470887641448908
300	0.959559017028824
300	0.0848455896837387
300	0.352597330712972
300	0.0437123743623048
300	0.757085619070134
300	0.560979314659391
300	0.165983838771992
300	0.166812944237556
300	0.234380116497238
300	0.622864656061609
300	0.250195308804398
300	0.584800723013368
300	0.112349925722029
300	0.0660064980179449
300	0.409250395026721
300	0.134920915314702
300	0.11831763625072
300	0.399455091763925
300	0.38465516785992
300	0.361743719265032
300	0.0572617813356578
300	0.466162612199977
300	0.246481551450287
300	0.604014028488672
300	0.127412278986016
300	0.258875467634463
300	0.635297095342847
300	0.178672343300639
300	0.527445471358454
300	0.134925754891932
300	0.295937274440339
300	0.266430791412748
300	0.247741608263318
300	0.667190788565081
300	0.11148792337415
300	0.237079987961569
300	0.248979102906192
300	0.00475677761155979
300	0.513049289916645
300	0.959772772538829
300	0.339495961485816
300	0.490923424330218
300	0.855860578863158
300	0.21614833890268
300	0.514979478288697
300	0.182137291147131
300	0.371679345189718
300	0.829366889238692
300	1.01898911561424
300	0.364211752696413
300	0.713689902852634
300	1.25709377650625
300	1.07111560627352
300	0.302752056738029
300	0.771904366610355
300	0.64306179878754
300	0.00836973052611079
300	0.66197867727607
300	0.979709168147626
300	0.384453602306476
300	0.207569183501475
300	0.783694529372432
300	0.762996634684803
300	0.396012267744475
300	0.0159828285467253
300	0.0902828781925271
300	0.0200827530880274
300	0.632452833555871
300	0.781208652838666
300	0.106865822548336
300	0.470118071013844
300	0.124077116397271
300	0.0325333323266749
300	0.132524715620675
300	0.805185826574626
300	0.146360115718213
300	0.275859009669612
300	0.365850670863702
300	0.129386456500327
300	0.109417176698897
300	0.607531506246571
300	0.0683546446863462
300	0.32691136310403
300	0.18415710238001
300	0.344606798050421
300	0.167978112429369
300	0.898958666287339
300	0.172536012876338
300	0.150269137173893
300	0.375425898904547
300	0.489761736639053
300	0.318823009755549
300	1.07243223779879
300	0.176927805775246
300	0.644247465111923
300	0.790158492518705
300	0.327683280560812
300	0.0564578684257424
300	1.00027235400504
300	0.710481544779684
300	0.207059598381295
300	0.0706442940039699
300	0.118093152480594
300	0.542772532555837
300	0.316632192559903
300	0.294775478448331
300	0.563330866735397
300	0.483061146438997
300	0.314374340644505
300	0.930585146598364
300	0.218211179634409
300	0.370304493506817
300	0.472075601373867
300	0.51684913252608
300	0.696353788561798
300	0.532583687136544
300	0.00210937846426851
300	0.402981898674888
300	0.76138494883137
300	0.0596119199707053
300	0.846508374110495
300	0.473023480333945
300	0.0100499100766234
300	0.576635121918636
300	0.586008523020467
300	0.312301889111007
300	0.0622074056502087
300	0.728090849404005
300	0.580013839457805
300	0.474551063848055
300	0.15266630183416
300	0.843851845539131
300	0.287978023011368
300	0.248547858783865
300	0.237580997129813
300	0.294145964234827
300	0.36568960286347
300	0.0088665678169651
300	0.248264686472517
300	0.196165051134118
300	0.340574090398792
300	0.549324095312617
300	0.825840716238536
300	0.186934323287962
300	0.307033401194035
300	0.609520627191273
300	0.728316749769704
300	0.5411597756491
300	0.072363664539638
300	0.611077441003339
300	0.382836376657488
300	0.0937075404216501
300	0.436267591867633
300	0.254767312534022
300	0.277721466295384
300	0.212289275518668
300	0.0888529955822522
300	0.150506638760338
300	1.0113289456924
300	0.179313183005022
300	0.452953319080078
300	0.927598205916994
300	0.840249357802265
300	0.507538976429615
300	0.321080012365575
300	0.37540130246566
300	1.03857270620876
300	0.506236182199668
300	0.00213039982010149
300	0.631272373704518
300	0.620001409242238
300	0.192452564403243
300	0.368354204466954
300	0.433649104283737
300	0.789553593007145
300	0.338451498928707
300	0.468408284705279
300	0.5974021601236
300	0.354383203305275
300	0.685110782847773
300	1.45711496608682
300	0.215655951470852
300	0.579378678365505
300	0.0888023066900141
300	0.270232152382776
300	0.261616169717219
300	0.242051504399897
300	0.605704024168934
300	0.359789196080254
300	0.0719344496266441
300	0.959587001085607
300	0.426516015513628
300	0.370304785189103
300	0.179457031021049
300	0.78468816342905
300	0.143660498703799
300	0.215251732392979
300	0.617712356778598
300	0.145913516374387
300	0.277909435366787
300	0.649002491510873
300	0.84001845905981
300	1.09812816547841
300	0.292089358556378
300	0.695691441685049
300	0.0924094046311791
300	0.288776711815079
300	0.398946229127919
300	0.0533871132460401
300	0.234771718251614
300	0.10345630391476
300	0.0996035425925658
300	0.901160095229371
300	0.321693239989772
300	0.192049694970025
300	0.617657327756783
300	0.506881504661632
300	0.935356170563188
300	0.717769291031887
300	0.0554924839275695
300	0.0636973148306099
300	0.349586158341917
300	0.560741953289857
300	0.157331772137019
300	0.272021030817285
300	0.571039212171163
300	0.759356659390663
300	0.0674741234948393
300	0.382529392835922
300	0.451028186948022
300	0.847732331677103
300	0.895904339016915
300	0.973512412865216
300	0.266604117401956
300	0.679517712809861
300	0.382720376535731
300	0.721627118125343
300	0.672496396849001
300	0.125697135176036
300	0.0395154955816664
300	0.930497161032359
300	0.0658054220358978
300	0.378442006855503
300	0.0164896885567596
300	0.449087504055935
300	1.0665219828579
300	0.771576635014649
300	0.884672939539189
300	0.0397518660965834
300	0.387525399958398
300	0.903340846667853
300	1.12879712861595
300	0.598370206242952
300	0.500309944359229
300	0.977775290408902
300	0.0839018225632808
300	0.0710624966017059
300	0.456463233726018
300	0.363779376259949
300	0.0644804459950493
300	0.0969242500077481
300	0.34577583425352
300	0.51701687590947
300	0.30676059878637
300	0.374546516112483
300	0.804897452293352
300	0.17132093814228
300	0.580844959663272
300	0.445708032960422
300	0.25329545348521
300	0.18562272428747
300	0.135868399093688
300	0.889707194602725
300	0.0240516421634768
300	0.118248817964718
300	0.142780302278327
300	0.399724518326318
300	0.404529637781128
300	0.812713410409199
300	0.601953824896451
300	0.533301094454414
300	0.0560465724726909
300	0.0700276530889849
300	0.579695378163835
300	0.955640951546973
300	0.260463781471842
300	0.392110611979248
300	0.359645387374089
300	0.367339193636775
300	0.329767153580934
300	0.414235703492299
300	0.270000826248516
300	0.363507109357287
300	0.599681542939293
300	0.354774138306739
300	0.72348097524728
300	0.981036506023071
300	0.105995814268963
300	0.31241718359217
300	0.0398838797045113
300	0.649495947226329
300	0.960000232313971
300	0.567015501964376
300	0.452721530096162
300	0.760904884677433
300	0.509575475502518
300	0.147449667533055
300	0.28013344463696
300	0.367604149707907
300	0.200999921733125
300	0.47345671254515
300	0.540291997973414
300	0.401621600575675
300	0.25372958426989
300	0.163270298721285
300	0.29072146603696
300	0.133808143810739
300	0.0842442749125524
300	0.406526159663102
300	0.450200568091875
300	0.293279694987479
300	0.0234791188968073
300	0.338200871199125
300	1.01596040457984
300	0.603892822738987
300	0.449027619002746
300	0.801402646441229
300	0.681535033935547
300	0.503316675507956
300	0.711215800396773
300	0.930651036710542
300	0.466194482751635
300	0.235876472940626
300	0.785085950593697
300	0.1153696928382
300	0.0676870105448306
300	1.08930758177561
300	0.310650005985693
300	0.56327001255076
300	0.135437977028711
300	0.0575142263477903
300	0.808627410438752
300	0.0359911032665888
300	0.45446318959174
300	0.560634031043138
300	0.354167494269862
300	0.553746503048258
300	0.0828442303719209
300	0.405761594816404
300	0.131583907611738
300	0.851201632734596
300	0.0513176477925216
300	0.69984674528188
300	0.193756209818549
300	0.276771224678846
300	0.320751720080589
300	0.0558247128631663
300	0.689462734100518
300	0.623737395797544
300	0.268120060735314
300	0.870756348382756
300	0.186434605031878
300	0.548140598081564
300	0.280928971385723
300	0.197398700898042
300	0.46853558423713
300	0.152785527650296
300	0.825568592656755
300	0.437454944872129
300	0.642978851021545
300	0.366933757101622
300	0.195024779751399
300	0.307030170837474
300	0.123004349318115
300	0.890109263324805
300	0.538633854103624
300	0.277239391184555
300	0.405591041280412
300	0.549219963269742
300	0.0265529154161711
300	0.335969054266473
300	0.861888363201033
300	0.242410831892655
300	0.0743817457991054
300	0.797174595411908
300	0.693089164010764
300	0.144656360853351
300	0.201799647848447
300	0.304217419349584
300	0.492008496064999
300	0.614075020564414
300	0.0265269350175603
300	0.566771593807199
300	0.457816815480284
300	0.561277319350322
300	0.562688238413171
300	0.344611163641159
300	0.356963270794328
300	0.847626157685034
300	0.525713354675231
300	0.282842710698619
300	0.735751898058997
300	0.218221445952335
300	0.341729235635201
300	0.773697056728016
300	0.894895482389484
300	0.483786908300423
300	0.368962129148866
300	0.412885442382409
300	0.466125592725553
300	0.795967922844335
300	0.27444950994975
300	0.41428812378194
300	0.0988759654516275
300	0.0719283789761468
300	1.00991735922437
300	0.351139471857099
300	1.39705934155128
300	0.224824588711167
300	0.409682911310636
300	0.207946000929653
300	0.0532742626336497
300	0.496773842687263
300	0.267139927412993
300	0.0728973486396282
300	0.341886445035278
300	0.0172181108973682
300	0.446953551264416
300	1.1805995554274
300	0.546272473420793
300	0.154269964193431
300	0.266472702143512
300	0.915576834175303
300	0.237565675685062
300	0.962014817323186
300	0.521761084382517
300	0.361088273726691
300	0.6110075134932
300	0.305055088813003
300	0.117862910646841
300	0.902241637679188
300	0.150293063785076
300	0.669256354911351
300	0.269562235477232
300	0.779050528553669
300	0.470200161450557
300	1.15894057958812
300	1.17900441778644
300	0.371101960742289
300	0.559801660897955
300	0.755859804601512
300	0.115659016711913
300	0.615036161734729
300	0.323421302831846
300	0.999310387642719
300	1.30061755673441
300	0.0669597083468982
300	0.0335362895933732
300	0.157252109244229
300	0.342886856455586
300	0.633711364798521
300	0.248054126606922
300	0.72616912065391
300	0.813731866904954
300	0.272072318279256
300	0.261359688463606
300	0.630180175863974
300	0.280737541584607
300	0.445318956064656
300	0.323557985176384
300	0.318198011580793
300	0.548296710275363
300	0.384824114853868
300	0.961380094074236
300	0.365978754676161
300	1.08091146496748
300	0.240717601366132
300	0.230090743289588
300	0.488006681046913
300	0.408807170581418
300	0.261089209497993
300	0.161892285261438
300	0.521615359540125
300	0.189720267947968
300	0.518527817945058
300	0.430955266624499
300	0.35327922729367
300	1.00083099540498
300	0.451664493882643
300	0.387417403990354
300	0.636344920317617
300	0.260983192841073
300	0.0755843010523829
300	0.0285173020782779
300	0.546564254333013
300	0.196653571315952
300	0.16084160560937
300	0.208570389691118
300	0.157441628604439
300	0.566909246336909
300	0.723584022854786
300	0.590770031923317
300	0.238877328652992
300	0.642615966162948
300	0.167335245631488
300	0.757967465777778
300	0.22063001738055
300	0.114590221449375
300	0.590685310614288
300	0.602368960395183
300	0.293130153137008
300	0.651206887276208
300	0.243869575335104
300	0.649631831637321
300	0.47416161358003
300	0.469065979591824
300	0.481186083525584
300	0.26947102739694
300	0.468674826814036
300	0.311117194053487
300	0.34839987469814
300	0.703696280444428
300	0.157179839676018
300	0.138467831101427
300	0.11897003677652
300	0.109515962789044
300	0.604836635735571
300	0.394409613966496
300	0.633330701831762
300	0.916027175406719
300	0.91769691160622
300	0.83606590574907
300	0.586059465308633
300	0.339037308944546
300	0.114381864307879
300	0.790083169375153
300	0.791335186814969
300	1.00624779908824
300	0.257382096042225
300	0.211580282690245
300	0.197473003610024
300	0.273303522227457
300	0.904336276377193
300	0.63942624869768
300	0.557597670001267
300	0.356537445063952
300	0.334262424727417
300	0.0518441595580212
300	0.0597169732930622
300	0.708100862419592
300	0.710392804496486
300	0.96469968688343
300	0.283420894814777
300	0.503155212495695
300	0.436496260519518
300	0.789248699281457
300	0.579442448612408
300	0.146967134214645
300	0.203844844335762
300	0.405287674100102
300	0.618919968926266
300	0.449116987265898
300	0.499497151172492
300	0.0771764463381271
300	1.35100823966518
300	0.49577114105586
300	0.0418447090908924
300	0.351187552661283
300	0.236716793612891
300	0.0825430572253779
300	0.282037516937015
300	0.21875367451594
300	0.0156247119571889
300	0.306775390832769
300	0.966293787645116
300	0.447155254811613
300	0.122613029718392
300	0.210123379188705
300	0.663572832605177
300	0.340517166464718
300	0.506464892533707
300	1.06898257590839
300	0.757457946641545
300	0.3109944538543
300	0.229317930659867
300	0.450892563490048
300	0.201433355605179
300	0.485669285093861
300	0.726503567870239
300	0.708225938401883
300	0.195068435254888
300	0.366425191362831
300	0.318762271545112
300	0.475256289344545
300	0.985280605604467
300	0.794859846596331
300	0.82530360089875
300	0.334981589744824
300	0.398111511194959
300	0.245255336537541
300	0.451196130678692
300	0.22690091666318
300	1.25141564720411
300	0.162394982886092
300	0.694298311665809
300	0.300665903985472
300	0.304920990711763
300	1.08958117246373
300	0.287100079638028
300	0.85685707713718
300	0.618711459580366
300	0.649900498651691
300	0.711467028394992
300	0.570476122855248
300	0.345693096069699
300	0.482122075966559
300	0.0476510457815368
300	0.720261733488768
300	0.81966696785154
300	0.324538615835612
300	0.646036585643427
300	0.141798478594241
300	0.201641960119687
300	0.730826878403636
300	0.146784679110645
300	0.831956124260785
300	0.682118099627931
300	0.887730431511572
300	0.789636748752954
300	1.10835061577708
300	0.228784335301229
300	0.545729170656905
300	0.963115946321072
300	0.446634937746445
300	0.377961826071095
300	0.372422025803408
300	0.935689972179886
300	0.280450794664195
300	0.681048988926737
300	0.217389371739452
300	0.512504904041998
300	0.512361224681965
300	0.116436373405827
300	0.487918255644118
300	0.842254230684713
300	0.0918553792776066
300	0.0440681128354353
300	0.263038684866999
300	0.139895200855487
300	0.0967018503960439
300	0.827994817569784
300	0.931972283173963
300	0.622307821801581
300	0.321413671059432
300	0.571736874823075
300	0.486355085066821
300	0.440622375168111
300	0.266183522240303
300	0.802684933249553
300	1.38045651046138
300	0.624654593586424
300	0.542304007896859
300	0.618758208014963
300	0.215320710246927
300	0.700109515483282
300	0.331706903109641
300	0.907772671998411
300	0.480215259343167
300	0.386913323284847
300	0.527243699779168
300	0.256326480723947
300	0.632666782118698
300	0.419195106747835
300	1.09788559173366
300	0.029160632012948
300	0.595663727147522
300	0.313444277965629
300	0.378170599943063
300	0.652103896975688
300	0.86596177277793
300	0.146723113544964
300	0.464021363333017
300	1.50786041693755
300	0.237260497525759
300	0.581836374009213
300	0.926110393567076
300	0.564946921659122
300	1.12051087378081
300	0.0431740169560921
300	0.545424955060646
300	0.282403429252211
300	0.331492577511613
300	0.380376131409136
300	0.0548202487581491
300	0.832042292517254
300	0.515310106945097
300	1.05991893855955
300	0.244257033697112
300	0.690610049281662
300	0.0667974115368537
300	0.440112310870823
300	0.26440743218022
300	0.0771626470007731
300	0.414148942812331
300	0.867072348404685
300	0.499296149383833
300	1.03790027302421
300	0.520996983729881
300	0.251801196168176
300	0.0536899524501415
300	0.344490807454124
300	0.282531257854332
300	0.939268764531104
300	0.457026514427168
300	0.485892750970292
300	0.0665478981815116
300	1.00593241688996
300	0.0915038601200567
300	0.642133147945864
300	0.235740174936213
300	0.441791892673231
300	0.0762310527563466
300	0.72002107635235
300	0.57438478495163
300	0.284045663099914
300	0.230479667198164
300	0.125598180787752
300	0.474392961431341
300	1.25691474328798
300	0.818859853269683
300	0.0464595859210313
300	0.569989632534793
300	0.752253451534215
300	0.208760755082392
300	0.683402015056
300	0.273254031365903
300	0.129830512534732
300	0.293161202198238
300	0.121191211291344
300	0.81280896801011
300	1.59273583986123
300	0.191884349735498
300	0.270105106011214
300	0.362953242827104
300	0.14568300103238
300	0.314538102337376
300	0.558169858372144
300	0.142522370826444
300	0.432364470709528
300	0.813352534572065
300	0.658018860868977
300	0.216037429095798
300	0.528681113431346
300	0.77239360686112
300	1.04019182053492
300	0.392285456665778
300	0.176937462540285
300	0.192804812093883
300	0.361550341240094
300	0.636410645947287
300	0.946947042243193
300	0.462611681015304
300	0.380571165105334
300	0.36555854955733
300	0.492255315352506
300	0.182105454449487
300	0.824407316155765
300	0.943261403736411
300	0.14459712019296
300	0.360547957473487
300	0.0861474659871482
300	0.801957760116844
300	0.977895257936584
300	0.133770081997662
300	0.449546336182661
300	0.623844670833066
300	1.35838359678356
300	0.453100657178313
300	0.154589019064058
300	0.654401293893737
300	0.299565816424187
300	0.597923106868383
300	0.484209503504129
300	0.750752852514817
300	0.96323196460479
300	0.248751121934082
300	0.387822134352709
300	0.422737950901492
300	0.282186533150318
300	0.755811606373062
300	0.207989120206082
300	0.599443260632486
300	0.57771211586524
300	0.173236325568918
300	0.823317093563167
300	0.0240964727473196
300	0.00941904772338259
300	0.299652301415538
300	0.73327418754058
300	0.440551717775485
300	0.641467777813626
300	0.0106643413260892
300	1.14320321321002
300	0.809725221405274
300	0.933384225843973
300	0.157724226214881
300	0.243521981417474
300	0.796492702203858
300	0.47567412483117
300	0.509044395858024
300	0.485249513404819
300	0.48145310098028
300	0.557933722169444
300	0.523388863528749
300	0.603041851611504
300	0.602304680841023
300	0.12194784584895
300	0.561224797496649
300	0.220813386553602
300	0.503345958250404
300	0.701781328822202
300	0.167738418004997
300	0.451894542418421
300	0.713461020278366
300	0.535035409955609
300	1.1070205819349
300	0.934380455739759
300	0.154926365282023
300	0.962631988328287
300	0.00229931777539016
300	0.523051293165877
300	0.686795726787286
300	0.362158305168964
300	0.229760617285869
300	0.242408519453837
300	0.101927018709562
300	0.636902831653926
300	0.136844696895679
300	0.731552022859871
300	0.15985593054358
300	0.905947634767096
300	0.376642683183855
300	0.621817097565938
300	0.877654797026517
300	0.325137985451722
300	0.745551205559554
300	0.118461073128643
300	0.224709144785656
300	0.664748949117183
300	0.578970421402682
300	1.02575473740282
300	0.485239696341494
300	0.486841646906377
300	0.747168369474108
300	0.37644263815207
300	0.136663855124141
300	0.69546297057421
300	0.104891955800626
300	0.300153741486836
300	0.704469680015819
300	0.085065470975715
300	0.0622383495783482
300	0.457626134466385
300	0.393108533357069
300	1.1140190151724
300	0.0136240145944723
300	0.212860996072854
300	0.166923790117349
300	0.423945337811027
300	1.22579915898359
300	0.435823630275469
300	1.60672335333635
300	0.235258923210393
300	0.68660973626324
300	0.660854628532394
300	0.284773830233633
300	0.431157213557547
300	0.197613155246419
300	0.499779504614999
300	0.0230083954968951
300	0.125738791706505
300	0.339012461674875
300	0.784311799591938
300	0.631825157373531
300	0.397625032664987
300	0.28191816998333
300	0.110789442143063
300	0.993512775057624
300	0.872793542714356
300	0.400923362671174
300	0.129014553502304
300	0.100456614898229
300	0.0949578185335822
300	0.12918205804135
300	0.346718781068211
300	0.811312773985198
300	0.768587530875918
300	0.0711595581543732
300	0.512603350340504
300	0.535263761116005
300	0.489420090383523
300	0.561386495486563
300	0.598025426306453
300	0.173279170599037
300	0.396108735804675
300	0.207123184044845
300	0.0373239106906183
300	0.338349351590687
300	1.29414903466252
300	0.236180259321844
300	0.276566509990421
300	0.586428801993828
300	0.48965137553773
300	0.190307755131789
300	0.557574880775747
300	0.420091075995253
300	0.784795359269005
300	0.232192194925178
300	0.121483267941634
300	0.00750266407419875
300	0.541937356375023
300	0.235719620208968
300	0.304188088988144
300	0.696511723640116
300	0.0800173370041874
300	0.49563252045105
300	0.293658934984307
300	0.0253261447583431
300	0.446540048996939
300	0.523192205167944
300	0.806511611970859
300	0.933819267157439
300	0.608604254034095
300	0.0590460163227258
300	0.20750259952114
300	0.193612885193918
300	0.642865819768528
300	0.6157234786447
300	1.02784243769097
300	0.03839224638592
300	0.432690115752727
300	0.301126573980768
300	0.749599044314864
300	0.185844698232277
300	0.744183331504145
300	0.433164863510208
300	0.436826741734132
300	0.454698565969435
300	0.661916894729128
300	0.201256372398347
300	0.0824578910456593
300	0.482345177067476
300	0.895968576918507
300	0.360788070273336
300	0.468257536087283
300	0.144155790570446
300	0.2235050250923
300	1.05799130376438
300	0.202741589836631
300	0.0547159495835811
300	0.515059989179311
300	0.474910033478649
300	0.143601958671737
300	0.760745349702121
300	0.645820057725763
300	0.836692457884661
300	0.236761055884349
300	0.946799761984633
300	0.503237893762931
300	0.230775282209578
300	0.213651754457009
300	0.573124752539567
300	0.505465927655362
300	0.278598877741494
300	0.532781638102886
300	0.968377553590908
300	0.38628838032166
300	0.320933214395723
300	0.980351361036311
300	0.0479831254667483
300	0.231316319042729
300	0.216694977522318
300	0.0127282027664029
300	0.451998698189057
300	0.201985479433423
300	0.288150504256529
300	0.287658375591394
300	0.227706353464814
300	0.835300702607012
300	0.409907884204078
300	0.0211677050925776
300	0.386458969742793
300	0.257259892153404
300	0.607133479584495
300	0.213215720237096
300	0.261795202550259
300	0.577909163889634
300	0.314185793353423
300	0.261740212079277
300	0.307471252683896
300	0.21381006709867
300	0.563270643894806
300	0.139604519827
300	0.683349050713616
300	0.69449204401561
300	0.356181911117318
300	0.559930102977573
300	0.141619631530072
300	0.195503600047248
300	0.495490380223531
300	0.0796135389977398
300	0.277430340583601
300	0.246318631455639
300	0.058875689470493
300	0.11662388221066
300	0.536409846994096
300	0.27212099249954
300	0.244181804569289
300	0.49954939496519
300	0.13883595016479
300	0.556510706322187
300	1.21242378251483
300	0.132028596634953
300	0.118201338430334
300	0.867576196187484
300	0.712100616049837
300	0.651790938344148
300	0.838927163790522
300	0.0751842890336594
300	0.0432244392961672
300	0.145724479985014
300	0.155127139419589
300	0.283629242138576
300	0.540206628988072
300	0.478823227397332
300	0.537831797259279
300	0.545775900358712
300	0.064017214125041
300	0.601562681359746
300	0.167709521974023
300	0.433931876784827
300	0.527193415381606
300	0.117729768974639
300	0.745339112379641
300	0.0412899885476243
300	0.20378809742394
300	0.764189962361093
300	0.333497006669274
300	0.0906450574956188
300	0.376225929613754
300	0.550485954222509
300	1.15918675953342
300	0.348065711594195
300	0.27812558168226
300	0.683775891873854
300	0.101032542386727
300	0.0887058406453971
300	0.710518395687967
300	0.207544831259316
300	0.151406103273693
300	0.286091932340315
300	0.328588122440564
300	0.236609011775701
300	0.161644047720455
300	0.730945104382568
300	0.910742945203178
300	0.27286742525937
300	0.172175888251007
300	0.033822669789668
300	0.577487268706027
300	0.865795924807069
300	0.307186071973837
300	0.396405093312565
300	1.08282057121308
300	0.324585440129292
300	0.493015951765046
300	0.627975267621011
300	0.427341697895647
300	0.328476706463428
300	1.01250947718908
300	0.598849163964355
300	0.559189101793214
300	0.311043479507965
300	0.474514933564538
300	0.175986035590693
300	0.766362950856972
300	0.585517327803921
300	0.117521334683641
300	0.55989602971818
300	0.00126001931793474
300	0.799500878574326
300	0.588688788812957
300	0.479613831345064
300	0.0407502403623425
300	0.253312911888028
300	0.750971516029216
300	0.259749175401337
300	0.137251477870097
300	0.000883294127162426
300	0.725229306557764
300	0.578940393737076
300	0.245545234737667
300	0.36207852626389
300	0.156775045302451
300	0.319488364121546
300	0.309775259131291
300	0.932803766942996
300	0.103157729292674
300	1.0755134112163
300	0.00359777309692366
300	0.190384757956117
300	0.393991048444357
300	0.0910330801631459
300	0.524842012613643
300	0.235290307203356
300	0.104922399577257
300	0.306355138498374
300	0.495230748333322
300	0.323729932867751
300	0.507617275379834
300	0.0030471660624925
300	0.546503883415239
300	0.0570138969539283
300	0.233532765711054
300	0.0972510511348677
300	0.738859348105799
300	0.80179640686982
300	0.0918897874931359
300	0.404223762307042
300	0.30342864114292
300	0.547519103445279
300	0.636527987641807
300	0.234898155494658
300	9.09924557093156e-05
300	0.739452087471716
300	0.743854044590944
300	0.597488589380687
300	0.112654174370131
300	0.975961355265335
300	0.601361163349597
300	0.155354033670392
300	0.677534922889873
300	0.360352473950356
300	0.0164920662797818
300	0.465927706389253
300	0.149164234189811
300	1.11268532458252
300	0.471581315109647
300	0.176293534918844
300	0.531813584708047
300	0.874623195936496
300	0.667944802082187
300	0.00559605848707201
300	0.0950858671703057
300	0.347267028977448
300	0.220920669928392
300	0.638534961876519
300	0.251028191182302
300	0.0907300887560967
300	0.725431267123883
300	0.392739697069519
300	0.019749615161404
300	0.0148771915564792
300	0.884872663040377
300	0.595820278243642
300	0.429335306858246
300	0.378439508868942
300	0.657156871459714
300	0.474524224489486
300	0.581842179342353
300	0.681661390156626
300	0.0532598843204085
300	0.416372617860446
300	0.255666963857606
300	0.0342228717827701
300	0.981041681173998
300	1.28822883223843
300	0.690111641426947
300	0.941926986154203
300	0.857398742861828
300	0.238196835012697
300	0.0278368915894849
300	0.0524463449952962
300	0.0814162212142826
300	0.954593661966228
300	0.473403877629852
300	0.308388803555026
300	0.651815122119502
300	1.01065796629089
300	0.484606440522729
300	0.753857530510023
300	0.545756445930266
300	0.211545554081462
300	0.396180548825309
300	0.522605641407338
300	0.527630514647924
300	0.462552322615327
300	0.858318907114137
300	0.141355193979378
300	0.207327208317056
300	0.240037289732995
300	0.395590966787178
300	0.196633055163601
300	0.374596158720403
300	0.512820576071504
300	0.173952969750804
300	0.995685173906568
300	0.0939866638201253
300	0.105745429311611
300	0.0138849745599157
300	0.793282145050454
300	0.876745968998466
300	0.288893886169638
300	0.735524322840678
300	0.1304869819127
300	0.945302175848176
300	0.14223637286211
300	0.717146562858377
300	1.14295677542117
300	0.777630924181527
300	0.694420588420089
300	0.865551827630157
300	0.209632032196977
300	0.538858092049517
300	0.115474612180584
300	0.173371751086865
300	0.0439286227347591
300	0.841813964886962
300	0.339463804188776
300	0.290546593644765
300	1.01034281654101
300	0.0729116897856479
300	0.0539748706688805
300	0.933524571521033
300	0.750197177766244
300	0.670552595015532
300	0.244385352386702
300	0.440125657548409
300	0.711348265486836
300	0.475289622788089
300	0.109200916591418
300	0.719835738402691
300	0.181169736834981
300	0.34579967755666
300	0.215199358219478
300	0.280537643927268
300	0.767255620579312
300	0.548523773710388
300	1.01850912329559
300	0.414967282569908
300	0.403994336866851
300	0.343755997952937
300	0.540085046446475
300	0.562387670636596
300	0.395547151674652
300	0.698512046678072
300	0.0171277349740883
300	0.240384699694327
300	0.198681793184263
300	0.182556845813972
300	0.0847558457938234
300	0.106637711210422
300	0.161391942927557
300	0.730566069661106
300	0.268060040760082
300	0.25884868368077
300	0.289738783277337
300	0.325751864204009
300	0.187829323805684
300	0.522482568375304
300	0.373953079390028
300	0.960741127563255
300	0.890331372802578
300	0.507030480918062
300	0.497275527158863
300	0.178949285401883
300	0.50116435944634
300	0.541913632535805
300	0.261318221767598
300	0.292285054499499
300	0.756487637070699
300	0.0414677754525051
300	0.494584607103453
300	0.545774076068715
300	0.296936540524467
300	0.155355791497066
300	0.729454030804772
300	0.188879049432922
300	0.31506202447122
300	0.816540911898468
300	0.420842279304846
300	0.407865688019756
300	0.0609190468315841
300	0.763710938574358
300	0.653622055541619
300	0.251255784204212
300	0.187872787362087
300	0.893993813480713
300	0.396386690235098
300	0.013427258461134
300	0.370144811749158
300	0.585021064968008
300	0.523332370838362
300	0.87188550215158
300	0.698402752960693
300	0.414397070740328
300	0.0761763686695361
300	0.219355490885403
300	0.773214429677339
300	0.30717843329126
300	1.02063797428107
300	0.561656116555509
300	0.352663523761049
300	0.543309582626013
300	0.898815142581568
300	1.0904361251067
300	0.655639399260524
300	0.37790559023184
300	0.764507670004558
300	1.00824281500681
300	1.20602728091537
300	0.204791124045239
300	0.220864893632858
300	0.0747142364371714
300	0.254758699779455
300	0.269280602307103
300	1.24430938843657
300	0.521750298328345
300	0.609453615708629
300	1.01805489145214
300	0.270431729933709
300	0.671659929208801
300	0.519859836546471
300	0.236149141297537
300	0.103081024857506
300	0.14022139389327
300	0.437451506486561
300	0.322219736190077
300	0.50344204485904
300	0.385397492015636
300	0.408660512116397
300	0.102268474041745
300	0.233198211052267
300	0.91280811861129
300	0.561482547089343
300	0.170698252454941
300	0.584400495098651
300	0.1038901236071
300	1.09194912109292
300	0.261256591686074
300	0.745192645866872
300	0.228270112462597
300	0.550651731312707
300	0.536977672212975
300	0.390139606852825
300	0.905142489326168
300	0.257035421060565
300	0.529434165877352
300	0.0530731562863267
300	0.425729772589795
300	0.367011103580581
300	1.25544554574691
300	0.6595697334089
300	0.34228765805794
300	0.408093775644626
300	0.971939405541027
300	1.0097787732196
300	0.552555368606863
300	0.661175718242479
300	0.131344965671827
300	0.246542624063042
300	0.184982583227012
300	0.222477233598585
300	0.37195485215209
300	0.192645842321401
300	0.753318299408627
300	0.849949887280394
300	0.344492829049427
300	0.504569553602985
300	0.0917650500083655
300	0.559372627225434
300	0.122418924028829
300	0.557380654459653
300	0.013575850462235
300	0.0660137781844622
300	0.506931382779509
300	0.336747265099826
300	0.246378287141178
300	0.327885371075685
300	0.245168266733152
300	0.475581208338185
300	0.262919028038771
300	0.0928961541488526
300	1.27700462890875
300	0.825952454323543
300	0.245612811333878
300	0.0571772051679887
300	0.292972035397186
300	0.574176520014087
300	1.42946976706141
300	0.743289009486139
300	0.662211026422569
300	0.54890519548296
300	0.838960073993652
300	0.332798006322749
300	0.225082649790972
300	1.0494875384745
300	0.0775560890231195
300	0.00528830531656371
300	0.346477050332063
300	0.119767875784197
300	0.308964155568794
300	0.237866246146095
300	0.443364249267159
300	0.641441534245524
300	0.0796005983087145
300	0.414691480458074
300	0.418614493651864
300	0.615846517208513
300	0.261748527246135
300	1.62134535746048
300	0.575556229880659
300	0.194694229107262
300	0.256907118069061
300	0.105447115132763
300	0.141490869725878
300	0.341833980094707
300	0.806369892078298
300	0.912627517200551
300	0.3242262063993
300	0.420799766410248
300	0.186277427907652
300	0.00112336182558526
300	0.567471196557734
300	1.29560956167682
300	0.437757210569995
300	0.909088939247006
300	0.708327877455909
300	0.0132628679163563
300	0.372349457775706
300	0.899566706262297
300	0.778249109598284
300	0.238959906207338
300	0.350843477210683
300	1.2908140819647
300	0.558685064775255
300	0.806482496097093
300	0.969065669987297
300	0.130553200445932
300	0.399871312463963
300	0.143231781955786
300	0.720842565424181
300	1.11596151695642
300	0.00406415158464329
300	0.00893791664276861
300	0.714222862263395
300	0.475182944564488
300	0.481405057493477
300	0.146414873795661
300	0.324635913446197
300	0.462316312887712
300	0.315282397658056
300	0.72240084312887
300	0.46915474599293
300	0.239289858398099
300	0.947829475031108
300	0.312428427976432
300	0.402937833266354
300	0.0671262395224611
300	0.0170054306387341
300	0.311624033698628
300	0.173767338407998
300	0.7844439236068
300	0.726233146603099
300	0.58309270585873
300	0.648527664673777
300	0.139484297626554
300	0.424917533787473
300	0.731375659855364
300	0.128183836271507
300	0.297651865094804
300	0.186965696403325
300	0.742207477515884
300	0.964935702645219
300	0.383555324772368
300	0.511801165770736
300	0.229132945112963
300	0.963778410612707
300	0.959573268438772
300	0.377077077078776
300	0.20871704309156
300	1.20280543636636
300	0.190876600505803
300	0.0700559581107587
300	0.333569630519244
300	1.31394235400182
300	0.408851382867471
300	0.0705945506552402
300	0.31544315976291
300	0.586750952070816
300	0.829115790546734
300	0.576325756092585
300	0.880955876062552
300	0.0344176805101392
300	0.177453923621795
300	0.552208426339136
300	0.205926878855795
300	0.31740097028062
300	0.694436821572566
300	0.16648445355278
300	1.0694540471448
300	0.574181987417245
300	0.754615617427667
300	0.919735703135727
300	0.37940281115161
300	0.408320041752934
300	0.0896379562815223
300	0.0669163320467609
300	0.0123677904777222
300	0.200092051589027
300	1.67242422129142
300	0.515697663862041
300	0.371119430774674
300	0.781911837670362
300	0.248997920408683
300	0.88300732465046
300	0.277084304788141
300	0.660800687992346
300	0.075206551194156
300	0.329563429167487
300	0.355013247180319
300	0.144660479937454
300	0.377029168319213
300	0.653238521422416
300	0.881821099505783
300	0.706456995244358
300	0.488023357172292
300	1.08509832800542
300	0.77970987610198
300	0.211013112511597
300	0.148930828991883
300	1.03225551739257
300	1.29313679474524
300	0.83191082881602
300	0.822772767878095
300	0.128779046141682
300	0.568128584903648
300	0.28597495012949
300	0.338351171764472
300	0.13199643443307
300	1.05041243967176
300	0.804879889150763
300	0.700217506101629
300	0.706827038469302
300	0.113150292295531
300	0.232838685856526
300	0.227151736270348
300	0.113617717717294
300	0.299416557202242
300	0.021403607428423
300	0.0958058026479899
300	1.36288450459737
300	0.164764373523213
300	0.171194683276157
300	0.525236774842144
300	0.553803575352177
300	0.00922567821007625
300	0.506837240562683
300	0.139395153499701
300	0.0448378814316349
300	0.525081959953884
300	0.0899359143290472
300	0.419474431254485
300	0.00238541357168265
300	0.103115591649293
300	0.717134131296073
300	0.699150148497541
300	0.531153889065292
300	0.351841266531745
300	0.116930286977382
300	0.438536468964531
300	0.491065444640753
300	0.155869709918251
300	0.533070981837739
300	0.703555789573005
300	0.808831459337059
300	0.355991862846529
300	0.538691595893334
300	0.149761427405809
300	0.715624432941348
300	0.477386588472597
300	0.479572221966731
300	0.352872881419144
300	0.00275282792661669
300	0.937197102321363
300	0.0814071323653449
300	0.214234573815992
300	0.406940898493477
300	0.497221274565084
300	0.578449771352067
300	0.123508465523258
300	0.264023736965421
300	0.120011605622699
300	0.00885696791839996
300	0.703368064078489
300	0.179468153103422
300	0.713685677783647
300	0.442947086335749
300	0.218544487197437
300	0.918726071729646
300	0.531514649750897
300	0.999016830016952
300	0.334332807517023
300	0.372418355047528
300	0.670121453683534
300	0.682689430579231
300	0.0494218443969072
300	0.396573936872746
300	0.0540350150917234
300	0.774811931043682
300	0.739660219660522
300	0.381735301438523
300	0.137191875879705
300	0.664677925337416
300	0.394152509121656
300	1.10840039809013
300	0.0459755005214475
300	0.0368559787149208
300	0.457382277354025
300	0.564937205184909
300	0.287991453204471
300	0.31304909053272
300	0.752756929028559
300	0.0234011594023521
300	0.783586096255152
300	0.459882984060986
300	0.275517404451988
300	0.505452241405761
300	0.44115685579665
300	0.116490975411821
300	0.206837629595215
300	0.426407358445573
300	1.12845280683332
300	0.0688901588184159
300	0.0762899412276555
300	0.165694456544776
300	0.647445103711381
300	0.121095590951779
300	0.384457274029424
300	0.15928409335122
300	0.00591455126966273
300	1.22933666329976
300	0.369421082996674
300	0.449972504334254
300	0.30207701484638
300	0.73968692821094
300	0.747400632747523
300	0.385557512221831
300	0.766987228907967
300	0.0836804556009439
300	0.0463563464890426
300	0.504488785647978
300	0.284672155791377
300	0.479422371904215
300	0.20780659116574
300	0.550125390381582
300	0.182028998965981
300	0.707714989269688
300	0.368142747486384
300	0.119569053237385
300	0.596827247473974
300	0.0348360474300969
300	0.821057056402999
300	0.287116424833134
300	0.156913269285206
300	0.694749096233218
300	0.245421826690684
300	0.0303955238442697
300	0.404385839383198
300	0.339889066083235
300	0.645218800337606
300	0.580279920518397
300	0.633424198331569
300	0.474265112276779
300	0.194042808301003
300	0.100820418369964
300	0.917554195172381
300	0.567285750985588
300	0.383007295150417
300	0.289091053856156
300	0.27223545106561
300	0.211915837413657
300	0.233691747877794
300	0.389260473291966
300	0.00539709737743227
300	0.402918746302022
300	0.347575851024805
300	0.619471942934314
300	0.521371445572505
300	0.246806346684347
300	0.351350834149476
300	0.867403376931796
300	0.172051832216515
300	0.60478473263105
300	0.190536672323625
300	0.0757672353173727
300	0.662368662194428
300	0.676878759894849
300	0.248510135333655
300	0.414896608570488
300	0.30127293819603
300	0.439034598407421
300	0.00536995279585573
300	1.2061038570563
300	0.578196446039495
300	0.528270238958481
300	0.767945668712503
300	0.49205069641961
300	0.0158250606408809
300	0.727598330703777
300	0.0359426530726396
300	0.239075084712232
300	0.442758319854267
300	0.317387644584725
300	0.24136749662762
300	0.456933709771652
300	0.582679954252022
300	0.727553421564758
300	0.452237702893495
300	0.192695678087931
300	0.217802570548848
300	0.556976122998144
300	0.55188593744563
300	1.10574993541788
300	0.375425584305147
300	0.385563532614935
300	0.498806945484544
300	0.23979484904564
300	0.119650231387075
300	0.428217351904252
300	0.997266030550531
300	0.514004691209929
300	0.0845284836537802
300	0.421870813524418
300	0.503282692088434
300	0.471320793849073
300	0.823689417094879
300	0.295339039341436
300	0.237142137132156
300	0.0218971686947392
300	0.241068185199884
300	0.426585152849389
300	0.719358375368708
300	0.300520387588729
300	0.27933698467713
300	0.59092098984977
300	0.579244559686933
300	0.300673591856605
300	0.835204476317691
300	0.238433781849975
300	0.341608971096982
300	0.654836912768066
300	0.188543927428075
300	0.0902018963103757
300	1.18685888480592
300	0.031069570619618
300	0.65562623053469
300	0.0616576110061671
300	0.197271151745288
300	1.07910476404005
300	0.0945882347519919
300	0.36070418811711
300	1.44996452558459
300	0.290763668100699
300	0.34875917086947
300	0.0175534266413695
300	0.421085880964361
300	0.656590486178032
300	0.527842695181718
300	0.241504061676281
300	0.114901130557732
300	0.774500737518305
300	0.434227616074574
300	0.661472510892402
300	0.664685351580938
300	0.332368200588694
300	0.225079150728379
300	0.438622481512588
300	0.268547238730285
300	0.533291527478939
300	0.283880798622938
300	0.407472630410954
300	0.681608237172794
300	0.0234540708223308
300	0.508305938574154
300	0.446636237230684
300	0.675633311526337
300	0.103051552547564
300	0.564716291007264
300	0.0873976913093236
300	0.238722528191331
300	0.475379898692903
300	0.554161648379851
300	0.449743755961878
300	0.611397731680194
300	0.495047047482586
300	0.470961051100868
300	0.487888698666417
300	0.865525078998929
300	0.279745531930593
300	0.136896153829049
300	0.0251673185740096
300	0.0132459577346967
300	0.263039874387777
300	0.0200782367609148
300	0.166145558209822
300	0.0546178027548794
300	1.21760744578122
300	0.603174608642945
300	0.40259727513453
300	0.540871042183836
300	0.213682427005927
300	0.100648100382316
300	0.102254631972566
300	0.38794661297362
300	0.631932289908119
300	0.298787734435055
300	0.26066047277268
300	0.323779785138998
300	0.359654976321128
300	0.16262768857197
300	1.13883499206003
300	0.259781014344857
300	0.71470998953011
300	0.623242870394898
300	0.402676021563585
300	0.373407194311838
300	0.248713340709157
300	0.423458670860821
300	0.0965772381678862
300	0.530075908262271
300	0.25879432539025
300	0.565572766718634
300	1.09794817303536
300	0.651107630528545
300	0.362550145823835
300	0.618277339903978
300	0.0394802405866615
300	0.140078091769629
300	0.455836911872358
300	0.527733249222667
300	0.513133055074025
300	0.0224852518325224
300	0.400075866105322
300	0.199278406613806
300	0.542806403840028
300	0.192318792638027
300	0.472057857700053
300	0.525459433959232
300	0.143870181128461
300	0.130256338861865
300	0.399120875683618
300	0.460251672948404
300	0.322972217023087
300	0.692253053451349
300	0.692072989173141
300	0.838318801068795
300	0.422660838601292
300	0.844686585396355
300	0.642893486101686
300	1.0741031318663
300	0.306757473912736
300	0.567322510750317
300	0.740114203373815
300	0.711571742540364
300	0.408381465641305
300	0.0665978193511486
300	0.663959181866105
300	0.970348355846038
300	0.498838580713078
300	0.362786821482982
300	1.21316632195537
300	0.668798210395453
300	0.521062766441432
300	0.575224966274583
300	0.252253215677244
300	0.17177541684535
300	0.353542329344704
300	0.22940047956044
300	0.394896823534496
300	0.408553348201085
300	0.209878738698487
300	0.806127696366467
300	0.748767332039391
300	0.310118416739594
300	0.593287068127592
300	0.749572295835192
300	0.998694646092942
300	0.10146593036739
300	0.8093317678435
300	0.946006971512652
300	0.334364573388576
300	0.158564108338239
300	0.0174083473545947
300	0.213558900414868
300	0.54774175138031
300	1.0656791779516
300	0.816763571574175
300	0.519649865323155
300	0.81757019971471
300	0.214419956520652
300	0.821336999006647
300	0.143042017519661
300	0.762030404438439
300	0.242280941929457
300	0.900988225900405
300	0.972434668242703
300	0.771557966354725
300	0.0199506087834717
300	0.441654314047548
300	0.496723519020624
300	0.963925058807315
300	0.28259219540278
300	0.737430310954649
300	0.0175861431110473
300	0.649011693336387
300	0.377232690169143
300	0.664504055555882
300	0.261178914305231
300	0.0941925055483416
300	0.635814379204052
300	0.102721859524131
300	0.393611986944633
300	0.75179409319695
300	0.299853104402508
300	0.3773693989153
300	0.207377895628735
300	0.489544875690952
300	0.62826897233808
300	0.0299069542932142
300	0.318169148882251
300	0.394844858106166
300	0.170633785597849
300	0.380481059601917
300	1.01995211697462
300	0.0369964429391639
300	0.197258583499286
300	0.36841768534356
300	0.744693569931907
300	0.289321952592191
300	0.496541814756204
300	0.510026976783101
300	0.243717215834058
300	1.38757191061069
300	0.642855024727526
300	1.16403719936426
300	0.48311720301335
300	0.337209391244445
300	0.459028410729146
300	0.148638846032575
300	0.432347833663625
300	0.770942277526981
300	0.535862851600046
300	1.1399321771193
300	0.114118042233395
300	0.294161057789544
300	0.689178373939439
300	0.93649982587939
300	0.393329453013592
300	0.83965771306251
300	0.584140781750187
300	0.294387266282897
300	0.246074362061099
300	0.112909069805098
300	0.37904344329505
300	0.44650175406571
300	0.833623843818576
300	0.865307997990769
300	0.15697922423147
300	0.755818949173359
300	0.192639249882522
300	0.279270062635413
300	0.687393927257908
300	0.0106076653019403
300	0.162848446151882
300	0.168718744021818
300	0.315792242220149
300	0.523944387351393
300	0.723434059835916
300	0.168145767859199
300	0.696973918349558
300	0.335978068632351
300	0.460711839774062
300	0.260175866812407
300	0.498984711394948
300	0.432870953454229
300	0.0110600150015751
300	0.418561490005932
300	0.265424845889073
300	0.881710123409735
300	0.908565388542152
300	0.75109538226809
300	0.25284745002087
300	0.562080348197552
300	0.236258510135318
300	1.166358016147
300	0.553889408602684
300	0.227165189977479
300	0.263158657456238
300	0.730268002588493
300	1.1539923270009
300	0.174359876788688
300	0.0140259309227108
300	0.639709012423195
300	0.366510841928767
300	0.00280250903174606
300	0.227316029855066
300	0.321244645951701
300	0.172694206135159
300	0.310838169804502
300	0.189731135886548
300	0.193388976801646
300	0.193661184372256
300	0.669557616337832
300	0.361678169731687
300	0.22491783903354
300	0.905949184113625
300	0.547072035101913
300	0.768481373282313
300	0.452608475690536
300	0.0686727551852841
300	0.292054624497893
300	0.306814499581028
300	0.214619834838029
300	0.0262262538160401
300	0.584165938905161
300	0.785856100039236
300	0.706606920576693
300	0.225670423088907
300	0.33788756910448
300	1.25640957216845
300	0.262596022768736
300	0.405563639465121
300	0.590718510566909
300	0.413928421352515
300	0.63427702025935
300	0.145014112788581
300	0.388820646383391
300	0.484603687884584
300	0.606152939748668
300	0.804776800122954
300	0.646320575510558
300	0.408801680335331
300	0.132633347356475
300	0.984952841218238
300	0.485306229651582
300	1.06543431535008
300	0.783963613150891
300	0.636462865221244
300	0.190117076852423
300	0.341617114568248
300	0.356444458154952
300	0.622753130872145
300	1.26223869603998
300	0.431181749362034
300	0.201332827187111
300	0.206299555731031
300	0.462243230896321
300	0.660362150125102
300	0.450958542658817
300	0.0280750388225306
300	0.192556504061608
300	0.694868275811083
300	0.623851105253502
300	0.717667839710324
300	0.266850624952121
300	0.252111849642969
300	0.802002526339859
300	0.721788510454328
300	1.16429289107773
300	0.274630057775865
300	0.336218261637631
300	0.550473654973471
300	0.721146942078538
300	0.4232577010758
300	0.524963219692955
300	0.677581381283647
300	0.687815960362143
300	0.0313714496330131
300	0.493811139106301
300	0.220336566549563
300	0.368554469878627
300	0.248738156254198
300	0.65014072041334
300	0.211816313763943
300	0.454491239934935
300	0.702196307327682
300	0.0998373067002285
300	0.87440513987272
300	0.45454530948882
300	0.294092613540418
300	0.11627405491434
300	0.72544730522481
300	0.567195210097323
300	0.417262369889034
300	0.422739036755834
300	0.396381626501342
300	0.681796365512687
300	0.352386181356301
300	0.435229973291537
300	0.0754238727442262
300	0.251374193959233
300	0.397304470220832
300	0.728818192751036
300	0.592546064623896
300	0.203552013410968
300	0.654477793680688
300	0.372457027967782
300	0.741956513934789
300	1.06674973298138
300	0.521779878700201
300	0.470595522433733
300	1.20092417741599
300	0.655188564902571
300	0.720939904303598
300	0.357839928593683
300	0.602405473904155
300	0.101052738672348
300	0.0273391044470146
300	0.122986657396443
300	0.285950295093577
300	0.571823034810696
300	0.139797846623281
300	0.432568719314767
300	0.101625419312665
300	0.493662057710699
300	0.118458694665996
300	0.884268478091416
300	0.160229386165477
300	0.23520954290834
300	0.0758706919547448
300	0.271055116351514
300	0.398456798025024
300	0.719136389623787
300	0.076051394440396
300	0.744322890097349
300	0.446841406251739
300	0.574149775648519
300	0.00622443731592054
300	0.249973155823132
300	0.87828672006999
300	0.347695583590606
300	0.241400009313051
300	0.100385588234535
300	0.364393178432039
300	0.725529682812461
300	0.15033388244997
300	0.448709035394532
300	0.396676964458118
300	0.697782316663241
300	0.0842672416712579
300	0.801933910372762
300	0.7097544183769
300	0.519599191071118
300	0.0250703020351945
300	1.04968645960646
300	0.328041813928879
300	0.740845379550275
300	1.31352610774435
300	0.225920735094685
300	0.299064011901449
300	0.678329390595905
300	0.58036306979878
300	0.463996445357655
300	0.154885364902784
300	0.0735738371338998
300	0.0778543443449675
300	0.314858356366455
300	0.437618491619279
300	0.224553430174112
300	0.900254737520191
300	0.636022922349776
300	0.0695368676254692
300	0.237819881113269
300	0.564620182504351
300	0.306457740045305
300	0.026053129437238
300	0.169454164840261
300	0.653339592202316
300	0.562171621886325
300	0.469160039349392
300	0.0694558474136536
300	0.868301076969509
300	0.57940923949023
300	0.11652154846421
300	0.198708125296455
300	1.08657374832638
300	0.342400843584785
300	1.01411985658211
300	0.72256398418475
300	0.618020165253027
300	1.13416052053865
300	0.348512126521577
300	0.241101571795986
300	0.860909734719125
300	0.696272201848631
300	0.985414235982047
300	0.662629262921592
300	0.185139714873577
300	0.77098266830777
300	0.797798200131557
300	0.556762622062789
300	0.0707607526836517
300	0.640202664255605
300	0.0819835969142143
300	0.456024050902593
300	0.242739521300309
300	0.0167912626621228
300	0.228461409387696
300	0.373990583292821
300	0.137706041278899
300	0.918786479234641
300	0.325844396310792
300	0.231427185706993
300	0.646313682438505
300	1.07930733675266
300	0.514235006676006
300	0.100642228652795
300	0.349738574282467
300	0.348808594883612
300	0.658079678716798
300	0.472337581544917
300	0.931507081633654
300	0.0890494988418986
300	0.62060473641095
300	0.238158721046754
300	0.340831528104845
300	0.187492168863029
300	0.526188007041913
300	0.0253801849256098
300	0.397077886805051
300	0.771584255452451
300	0.716476334155586
300	0.556926001541645
300	0.238812868790223
300	0.136145885929236
300	0.533683339309767
300	0.0930285168095486
300	0.326506338189972
300	1.01099725093177
300	0.679928846604236
300	0.0401387487593903
300	0.0573761308468821
300	0.525674727207523
300	0.693498462588002
300	0.374651896239715
300	0.0901819975198842
300	0.571675448584629
300	0.336730100003826
300	0.532439232705646
300	0.78201249116486
300	0.478037294244226
300	0.316089571107917
300	0.00686963063910967
300	0.1636763852994
300	0.676772772705015
300	0.406755783636391
300	0.438583578928252
300	0.717124886079667
300	0.940234017313479
300	1.05294007048262
300	0.447073180213835
300	0.67555088717372
300	0.768876824216113
300	0.787820216632666
300	0.34367484420081
300	0.464683888170316
300	0.426539030268745
300	0.58100365888152
300	0.154423687276586
300	0.374979726965459
300	0.643017704922022
300	0.183788815917901
300	0.773671846710053
300	0.707420262749716
300	0.0313585577895296
300	0.221838432144732
300	0.453479595012302
300	0.45729744539073
300	0.607505078731799
300	0.216801987185135
300	1.16105529495381
300	0.675480531721337
300	0.468620158998668
300	0.524392864670529
300	0.400379809188012
300	0.524942663275538
300	0.150227379357593
300	0.0900818809845625
300	1.09890624642651
300	0.386794456107565
300	0.0789755277815753
300	0.214610910166925
300	0.943242290808232
300	0.0810353537474832
300	0.412097123456112
300	0.159234585062415
300	0.231547068261747
300	0.0444623452806266
300	0.783422869532176
300	0.126000615987109
300	0.961906734087274
300	0.282755563513881
300	0.26734468615053
300	0.171998256623379
300	0.286899104698724
300	0.2923149110997
300	0.772753519984646
300	0.356111166866479
300	0.412102170381819
300	1.29262498682525
300	0.578310472143018
300	0.939278915331848
300	0.0110728847125163
300	0.419675501811553
300	0.521700755314158
300	0.60101351473966
300	0.502309545907073
